  1   1   1 水菜
  1   1   2 ほうれん草
  1   1   3 小松菜
  1   1   4 春菊
  1   1   5 チンゲン菜
  1   1   6 レタス
  1   1   7 キャベツ
  1   1   8 白菜
  1   1   9 アスパラ
  1   1  10 クレソン
  1   1  11 セロリ
  1   1  12 カリフラワー
  1   1  13 ブロッコリー
  1   1  14 ニラ
  1   1  15 ネギ
  1   1  16 パセリ
  1   2  17 その他葉物
  1   2  18 トマト
  1   2  19 ミニトマト
  1   2  20 とうもろこし
  1   2  21 胡瓜
  1   2  22 南瓜
  1   2  23 冬瓜
  1   2  24 ズッキーニ
  1   2  25 レイシ
  1   2  26 茄子
  1   2  27 ピーマン
  1   2  28 パプリカ
  1   2  29 青唐
  1   2  30 豆
  1   2  31 その他果菜
  1   3  32 かぶ
  1   3  33 ごぼう
  1   3  34 大根
  1   3  35 人参
  1   3  36 らっきょう
  1   3  37 ビーツ
  1   3  38 蓮根
  1   3  39 わさび
  1   3  40 唐芋
  1   3  41 里芋
  1   3  42 ジャガイモ
  1   3  43 玉ねぎ
  1   3  44 山芋
  1   3  45 その他根菜類
  1   4  46 椎茸
  1   4  47 しめじ
  1   4  48 えのき
  1   4  49 エリンギ
  1   4  50 舞茸
  1   4  51 なめこ
  1   4  52 マッシュルーム
  1   4  53 松茸
  1   4  54 その他きのこ類
  1   5  55 大葉
  1   5  56 木の芽
  1   5  57 紅たで
  1   5  58 菊
  1   5  59 穂紫蘇
  1   5  60 金魚草
  1   5  61 かいわれ
  1   5  62 花みょうが
  1   5  63 生姜
  1   5  64 その他香味つま物類
  1   6  65 その他
  2   7  66 久保田農園
  2   7  67 その他久保田農園
  2   7  68 稲葉農園
  2   7  69 その他稲葉農園
  2   7  70 佐賀グッドリーフ
  2   7  71 その他佐賀グッドリーフ
  2   7  72 ハーブ＆ローズ
  2   7  73 その他ハーブ＆ローズ
  2   7  74 S＆B
  2   7  75 その他S＆B
  3   8  76 柑橘類
  3   8  77 その他柑橘類
  3   8  78 バラ類
  3   8  79 その他バラ類
  3   8  80 瓜類
  3   8  81 その他瓜類
  3   8  82 熱帯フルーツ類
  3   8  83 その他熱帯フルーツ類
  3   8  84 ブドウ類
  3   8  85 その他ブドウ類
  3   8  86 ベリー類
  3   8  87 その他ベリー類
  3   8  88 その他果物
