00000100,特売用                                  ,                                        ,  1,  1,  1,          ,          ,  ,  ,                    ,1,1
00000101,水菜                                    ,ﾐｽﾞﾅ                                    ,  1,  1,  1,          ,          ,  ,  ,                    ,1,1
00000102,切水菜                                  ,                                        ,  1,  1,  1,          ,          ,  ,  ,                    ,1,1
00000103,赤軸水菜                                ,                                        ,  1,  1,  1,          ,          ,  ,  ,                    ,1,1
00000130,特売用                                  ,                                        ,  1,  1,  2,          ,          ,  ,  ,                    ,1,1
00000131,ほうれん草                              ,ﾎｳﾚﾝｿｳ                                  ,  1,  1,  2,          ,          ,  ,  ,                    ,1,1
00000132,ちぢみほうれん草                        ,                                        ,  1,  1,  2,          ,          ,  ,  ,                    ,1,1
00000133,サラダほうれん草                        ,                                        ,  1,  1,  2,          ,          ,  ,  ,                    ,1,1
00000160,特売用                                  ,                                        ,  1,  1,  3,          ,          ,  ,  ,                    ,1,1
00000161,小松菜                                  ,                                        ,  1,  1,  3,          ,          ,  ,  ,                    ,1,1
00000162,サラダ小松菜                            ,                                        ,  1,  1,  3,          ,          ,  ,  ,                    ,1,1
00000190,特売用                                  ,                                        ,  1,  1,  4,          ,          ,  ,  ,                    ,1,1
00000191,春菊                                    ,                                        ,  1,  1,  4,          ,          ,  ,  ,                    ,1,1
00000192,サラダ春菊                              ,                                        ,  1,  1,  4,          ,          ,  ,  ,                    ,1,1
00000210,特売用                                  ,                                        ,  1,  1,  5,          ,          ,  ,  ,                    ,1,1
00000211,青梗菜                                  ,                                        ,  1,  1,  5,          ,          ,  ,  ,                    ,1,1
00000212,ミニ青梗菜                              ,                                        ,  1,  1,  5,          ,          ,  ,  ,                    ,1,1
00000240,特売用                                  ,                                        ,  1,  1,  6,          ,          ,  ,  ,                    ,1,1
00000241,レタス                                  ,                                        ,  1,  1,  6,          ,          ,  ,  ,                    ,1,1
00000242,サニーレタス                            ,                                        ,  1,  1,  6,          ,          ,  ,  ,                    ,1,1
00000243,グリーンリーフ                          ,                                        ,  1,  1,  6,          ,          ,  ,  ,                    ,1,1
00000244,ピンクロッサ                            ,                                        ,  1,  1,  6,          ,          ,  ,  ,                    ,1,1
00000245,ロメインレタス                          ,                                        ,  1,  1,  6,          ,          ,  ,  ,                    ,1,1
00000246,フリルレタス                            ,                                        ,  1,  1,  6,          ,          ,  ,  ,                    ,1,1
00000247,サンチュレタス                          ,                                        ,  1,  1,  6,          ,          ,  ,  ,                    ,1,1
00000248,グリーンフラワーレタス                  ,                                        ,  1,  1,  6,          ,          ,  ,  ,                    ,1,1
00000249,レッドリーフ                            ,                                        ,  1,  1,  6,          ,          ,  ,  ,                    ,1,1
00000270,特売用                                  ,                                        ,  1,  1,  7,          ,          ,  ,  ,                    ,1,1
00000271,寒玉キャベツ                            ,                                        ,  1,  1,  7,          ,          ,  ,  ,                    ,1,1
00000272,早生キャベツ                            ,                                        ,  1,  1,  7,          ,          ,  ,  ,                    ,1,1
00000273,中早生キャベツ                          ,                                        ,  1,  1,  7,          ,          ,  ,  ,                    ,1,1
00000274,レッドキャベツ                          ,                                        ,  1,  1,  7,          ,          ,  ,  ,                    ,1,1
00000275,芽キャベツ                              ,                                        ,  1,  1,  7,          ,          ,  ,  ,                    ,1,1
00000300,特売用                                  ,                                        ,  1,  1,  8,          ,          ,  ,  ,                    ,1,1
00000301,白菜                                    ,                                        ,  1,  1,  8,          ,          ,  ,  ,                    ,1,1
00000330,特売用                                  ,                                        ,  1,  1,  9,          ,          ,  ,  ,                    ,1,1
00000331,アスパラ                                ,                                        ,  1,  1,  9,          ,          ,  ,  ,                    ,1,1
00000332,ホワイトアスパラ                        ,                                        ,  1,  1,  9,          ,          ,  ,  ,                    ,1,1
00000333,ミニアスパラ                            ,                                        ,  1,  1,  9,          ,          ,  ,  ,                    ,1,1
00000360,特売用                                  ,                                        ,  1,  1, 10,          ,          ,  ,  ,                    ,1,1
00000361,クレソン                                ,                                        ,  1,  1, 10,          ,          ,  ,  ,                    ,1,1
00000362,湧泉クレソン                            ,                                        ,  1,  1, 10,          ,          ,  ,  ,                    ,1,1
00000390,特売用                                  ,                                        ,  1,  1, 11,          ,          ,  ,  ,                    ,1,1
00000391,セロリ                                  ,                                        ,  1,  1, 11,          ,          ,  ,  ,                    ,1,1
00000392,セロリバラ                              ,                                        ,  1,  1, 11,          ,          ,  ,  ,                    ,1,1
00000393,ホワイトセロリ                          ,                                        ,  1,  1, 11,          ,          ,  ,  ,                    ,1,1
00000420,特売用                                  ,                                        ,  1,  1, 12,          ,          ,  ,  ,                    ,1,1
00000421,カリフラワー                            ,                                        ,  1,  1, 12,          ,          ,  ,  ,                    ,1,1
00000422,ロマネスク                              ,                                        ,  1,  1, 12,          ,          ,  ,  ,                    ,1,1
00000423,オレンジカリフラワー                    ,                                        ,  1,  1, 12,          ,          ,  ,  ,                    ,1,1
00000424,紫カリフラワー                          ,                                        ,  1,  1, 12,          ,          ,  ,  ,                    ,1,1
00000450,特売用                                  ,                                        ,  1,  1, 13,          ,          ,  ,  ,                    ,1,1
00000451,ブロッコリー                            ,                                        ,  1,  1, 13,          ,          ,  ,  ,                    ,1,1
00000452,スティックセニョール                    ,                                        ,  1,  1, 13,          ,          ,  ,  ,                    ,1,1
00000480,特売用                                  ,                                        ,  1,  1, 14,          ,          ,  ,  ,                    ,1,1
00000481,ニラ                                    ,                                        ,  1,  1, 14,          ,          ,  ,  ,                    ,1,1
00000482,黄ニラ                                  ,                                        ,  1,  1, 14,          ,          ,  ,  ,                    ,1,1
00000510,特売用                                  ,                                        ,  1,  1, 15,          ,          ,  ,  ,                    ,1,1
00000511,白ネギ                                  ,                                        ,  1,  1, 15,          ,          ,  ,  ,                    ,1,1
00000512,新白ネギ                                ,                                        ,  1,  1, 15,          ,          ,  ,  ,                    ,1,1
00000513,小ネギ                                  ,                                        ,  1,  1, 15,          ,          ,  ,  ,                    ,1,1
00000514,芽ネギ                                  ,                                        ,  1,  1, 15,          ,          ,  ,  ,                    ,1,1
00000515,九条ネギ                                ,                                        ,  1,  1, 15,          ,          ,  ,  ,                    ,1,1
00000516,大ネギ                                  ,                                        ,  1,  1, 15,          ,          ,  ,  ,                    ,1,1
00000517,中ネギ                                  ,                                        ,  1,  1, 15,          ,          ,  ,  ,                    ,1,1
00000518,さやか姫                                ,                                        ,  1,  1, 15,          ,          ,  ,  ,                    ,1,1
00000519,高等ネギ                                ,                                        ,  1,  1, 15,          ,          ,  ,  ,                    ,1,1
00000520,人文字                                  ,                                        ,  1,  1, 15,          ,          ,  ,  ,                    ,1,1
00000540,特売用                                  ,                                        ,  1,  1, 16,          ,          ,  ,  ,                    ,1,1
00000541,パセリ                                  ,                                        ,  1,  1, 16,          ,          ,  ,  ,                    ,1,1
00000542,パセリバラ                              ,                                        ,  1,  1, 16,          ,          ,  ,  ,                    ,1,1
00000600,その他葉物                              ,                                        ,  1,  2, 17,          ,          ,  ,  ,                    ,1,1
00000700,特売用                                  ,                                        ,  1,  2, 18,          ,          ,  ,  ,                    ,1,1
00000701,トマト                                  ,                                        ,  1,  2, 18,          ,          ,  ,  ,                    ,1,1
00000702,お徳用トマト                            ,                                        ,  1,  2, 18,          ,          ,  ,  ,                    ,1,1
00000703,フルーツトマト                          ,                                        ,  1,  2, 18,          ,          ,  ,  ,                    ,1,1
00000704,ファンゴッホトマト                      ,                                        ,  1,  2, 18,          ,          ,  ,  ,                    ,1,1
00000705,ミディトマト                            ,                                        ,  1,  2, 18,          ,          ,  ,  ,                    ,1,1
00000706,カンパリミディトマト                    ,                                        ,  1,  2, 18,          ,          ,  ,  ,                    ,1,1
00000730,特売用                                  ,                                        ,  1,  2, 19,          ,          ,  ,  ,                    ,1,1
00000731,ミニトマト                              ,                                        ,  1,  2, 19,          ,          ,  ,  ,                    ,1,1
00000732,イエローミニトマト                      ,                                        ,  1,  2, 19,          ,          ,  ,  ,                    ,1,1
00000733,グリーンミニトマト                      ,                                        ,  1,  2, 19,          ,          ,  ,  ,                    ,1,1
00000734,ピンクミニトマト                        ,                                        ,  1,  2, 19,          ,          ,  ,  ,                    ,1,1
00000735,紫ミニトマト                            ,                                        ,  1,  2, 19,          ,          ,  ,  ,                    ,1,1
00000736,オレンジミニトマト                      ,                                        ,  1,  2, 19,          ,          ,  ,  ,                    ,1,1
00000737,アイコミニトマト                        ,                                        ,  1,  2, 19,          ,          ,  ,  ,                    ,1,1
00000738,マイクロミニトマト                      ,                                        ,  1,  2, 19,          ,          ,  ,  ,                    ,1,1
00000739,ほうずき                                ,                                        ,  1,  2, 19,          ,          ,  ,  ,                    ,1,1
00000760,特売用                                  ,                                        ,  1,  2, 20,          ,          ,  ,  ,                    ,1,1
00000761,ゴールドラッシュ                        ,                                        ,  1,  2, 20,          ,          ,  ,  ,                    ,1,1
00000762,惠味未来コーン                          ,                                        ,  1,  2, 20,          ,          ,  ,  ,                    ,1,1
00000763,イエローコーン                          ,                                        ,  1,  2, 20,          ,          ,  ,  ,                    ,1,1
00000764,ホワイトコーン                          ,                                        ,  1,  2, 20,          ,          ,  ,  ,                    ,1,1
00000765,雪の妖精                                ,                                        ,  1,  2, 20,          ,          ,  ,  ,                    ,1,1
00000766,ドルチェドリーム                        ,                                        ,  1,  2, 20,          ,          ,  ,  ,                    ,1,1
00000790,特売用                                  ,                                        ,  1,  2, 21,          ,          ,  ,  ,                    ,1,1
00000791,胡瓜                                    ,                                        ,  1,  2, 21,          ,          ,  ,  ,                    ,1,1
00000792,胡瓜優品                                ,                                        ,  1,  2, 21,          ,          ,  ,  ,                    ,1,1
00000793,もろきゅうり                            ,                                        ,  1,  2, 21,          ,          ,  ,  ,                    ,1,1
00000794,胡瓜の花                                ,                                        ,  1,  2, 21,          ,          ,  ,  ,                    ,1,1
00000795,加賀太胡瓜                              ,                                        ,  1,  2, 21,          ,          ,  ,  ,                    ,1,1
00000796,しろうり                                ,                                        ,  1,  2, 21,          ,          ,  ,  ,                    ,1,1
00000820,特売用                                  ,                                        ,  1,  2, 22,          ,          ,  ,  ,                    ,1,1
00000821,エビス南瓜                              ,                                        ,  1,  2, 22,          ,          ,  ,  ,                    ,1,1
00000822,栗南瓜                                  ,                                        ,  1,  2, 22,          ,          ,  ,  ,                    ,1,1
00000823,素麺南瓜                                ,                                        ,  1,  2, 22,          ,          ,  ,  ,                    ,1,1
00000824,黒皮南瓜                                ,                                        ,  1,  2, 22,          ,          ,  ,  ,                    ,1,1
00000825,坊ちゃん南瓜                            ,                                        ,  1,  2, 22,          ,          ,  ,  ,                    ,1,1
00000826,鹿ヶ谷南瓜                              ,                                        ,  1,  2, 22,          ,          ,  ,  ,                    ,1,1
00000827,春日ぼうぶら南瓜                        ,                                        ,  1,  2, 22,          ,          ,  ,  ,                    ,1,1
00000828,バターナッツ南瓜                        ,                                        ,  1,  2, 22,          ,          ,  ,  ,                    ,1,1
00000829,コリンキー南瓜                          ,                                        ,  1,  2, 22,          ,          ,  ,  ,                    ,1,1
00000830,プッチーニ南瓜                          ,                                        ,  1,  2, 22,          ,          ,  ,  ,                    ,1,1
00000860,特売用                                  ,                                        ,  1,  2, 23,          ,          ,  ,  ,                    ,1,1
00000861,冬瓜                                    ,                                        ,  1,  2, 23,          ,          ,  ,  ,                    ,1,1
00000862,ミニ冬瓜                                ,                                        ,  1,  2, 23,          ,          ,  ,  ,                    ,1,1
00000890,特売用                                  ,                                        ,  1,  2, 24,          ,          ,  ,  ,                    ,1,1
00000891,ズッキーニ                              ,                                        ,  1,  2, 24,          ,          ,  ,  ,                    ,1,1
00000892,イエローズッキーニ                      ,                                        ,  1,  2, 24,          ,          ,  ,  ,                    ,1,1
00000893,花付きズッキーニ                        ,                                        ,  1,  2, 24,          ,          ,  ,  ,                    ,1,1
00000894,丸ズッキーニ                            ,                                        ,  1,  2, 24,          ,          ,  ,  ,                    ,1,1
00000895,UFOズッキーニ                           ,                                        ,  1,  2, 24,          ,          ,  ,  ,                    ,1,1
00000920,特売用                                  ,                                        ,  1,  2, 25,          ,          ,  ,  ,                    ,1,1
00000921,エラブレイシ                            ,                                        ,  1,  2, 25,          ,          ,  ,  ,                    ,1,1
00000922,瓜乙女                                  ,                                        ,  1,  2, 25,          ,          ,  ,  ,                    ,1,1
00000950,特売用                                  ,                                        ,  1,  2, 26,          ,          ,  ,  ,                    ,1,1
00000951,筑陽茄子                                ,                                        ,  1,  2, 26,          ,          ,  ,  ,                    ,1,1
00000952,徳用茄子                                ,                                        ,  1,  2, 26,          ,          ,  ,  ,                    ,1,1
00000953,赤茄子                                  ,                                        ,  1,  2, 26,          ,          ,  ,  ,                    ,1,1
00000954,肥後紫                                  ,                                        ,  1,  2, 26,          ,          ,  ,  ,                    ,1,1
00000955,長茄子                                  ,                                        ,  1,  2, 26,          ,          ,  ,  ,                    ,1,1
00000956,新長茄子                                ,                                        ,  1,  2, 26,          ,          ,  ,  ,                    ,1,1
00000957,米茄子                                  ,                                        ,  1,  2, 26,          ,          ,  ,  ,                    ,1,1
00000958,白米茄子                                ,                                        ,  1,  2, 26,          ,          ,  ,  ,                    ,1,1
00000959,丸茄子                                  ,                                        ,  1,  2, 26,          ,          ,  ,  ,                    ,1,1
00000960,賀茂茄子                                ,                                        ,  1,  2, 26,          ,          ,  ,  ,                    ,1,1
00000961,水茄子                                  ,                                        ,  1,  2, 26,          ,          ,  ,  ,                    ,1,1
00000962,小茄子                                  ,                                        ,  1,  2, 26,          ,          ,  ,  ,                    ,1,1
00000963,ばってん茄子                            ,                                        ,  1,  2, 26,          ,          ,  ,  ,                    ,1,1
00000980,特売用                                  ,                                        ,  1,  2, 27,          ,          ,  ,  ,                    ,1,1
00000981,ピーマン                                ,                                        ,  1,  2, 27,          ,          ,  ,  ,                    ,1,1
00000982,新ピーマン                              ,                                        ,  1,  2, 27,          ,          ,  ,  ,                    ,1,1
00000983,ワンダーピーマン                        ,                                        ,  1,  2, 27,          ,          ,  ,  ,                    ,1,1
00000984,赤ピーマン                              ,                                        ,  1,  2, 27,          ,          ,  ,  ,                    ,1,1
00001010,特売用                                  ,                                        ,  1,  2, 28,          ,          ,  ,  ,                    ,1,1
00001011,赤パプリカ                              ,                                        ,  1,  2, 28,          ,          ,  ,  ,                    ,1,1
00001012,黄色パプリカ                            ,                                        ,  1,  2, 28,          ,          ,  ,  ,                    ,1,1
00001013,フルーツパプリカ                        ,                                        ,  1,  2, 28,          ,          ,  ,  ,                    ,1,1
00001040,特売用                                  ,                                        ,  1,  2, 29,          ,          ,  ,  ,                    ,1,1
00001041,青唐                                    ,                                        ,  1,  2, 29,          ,          ,  ,  ,                    ,1,1
00001042,甘長青唐                                ,                                        ,  1,  2, 29,          ,          ,  ,  ,                    ,1,1
00001043,伏見甘長青唐                            ,                                        ,  1,  2, 29,          ,          ,  ,  ,                    ,1,1
00001044,サラダ甘長青唐                          ,                                        ,  1,  2, 29,          ,          ,  ,  ,                    ,1,1
00001045,万願寺                                  ,                                        ,  1,  2, 29,          ,          ,  ,  ,                    ,1,1
00001046,火の国甘唐                              ,                                        ,  1,  2, 29,          ,          ,  ,  ,                    ,1,1
00001047,青唐辛子                                ,                                        ,  1,  2, 29,          ,          ,  ,  ,                    ,1,1
00001048,赤唐辛子                                ,                                        ,  1,  2, 29,          ,          ,  ,  ,                    ,1,1
00001070,特売用                                  ,                                        ,  1,  2, 30,          ,          ,  ,  ,                    ,1,1
00001071,アーロン豆                              ,                                        ,  1,  2, 30,          ,          ,  ,  ,                    ,1,1
00001072,平インゲン                              ,                                        ,  1,  2, 30,          ,          ,  ,  ,                    ,1,1
00001073,ジャンボインゲン                        ,                                        ,  1,  2, 30,          ,          ,  ,  ,                    ,1,1
00001074,モロッコインゲン                        ,                                        ,  1,  2, 30,          ,          ,  ,  ,                    ,1,1
00001075,キヌサヤ                                ,                                        ,  1,  2, 30,          ,          ,  ,  ,                    ,1,1
00001076,スナップエンドウ                        ,                                        ,  1,  2, 30,          ,          ,  ,  ,                    ,1,1
00001077,空豆                                    ,                                        ,  1,  2, 30,          ,          ,  ,  ,                    ,1,1
00001078,グリーンピース                          ,                                        ,  1,  2, 30,          ,          ,  ,  ,                    ,1,1
00001079,うすいえんどう                          ,                                        ,  1,  2, 30,          ,          ,  ,  ,                    ,1,1
00001080,南海みどり                              ,                                        ,  1,  2, 30,          ,          ,  ,  ,                    ,1,1
00001100,その他果菜                              ,                                        ,  1,  2, 31,          ,          ,  ,  ,                    ,1,1
00001200,特売用                                  ,                                        ,  1,  3, 32,          ,          ,  ,  ,                    ,1,1
00001201,大かぶ                                  ,                                        ,  1,  3, 32,          ,          ,  ,  ,                    ,1,1
00001202,中かぶ                                  ,                                        ,  1,  3, 32,          ,          ,  ,  ,                    ,1,1
00001203,小かぶ                                  ,                                        ,  1,  3, 32,          ,          ,  ,  ,                    ,1,1
00001204,あやめ雪かぶ                            ,                                        ,  1,  3, 32,          ,          ,  ,  ,                    ,1,1
00001205,もものすけかぶ                          ,                                        ,  1,  3, 32,          ,          ,  ,  ,                    ,1,1
00001206,赤かぶ                                  ,                                        ,  1,  3, 32,          ,          ,  ,  ,                    ,1,1
00001207,聖護院かぶ                              ,                                        ,  1,  3, 32,          ,          ,  ,  ,                    ,1,1
00001230,特売用                                  ,                                        ,  1,  3, 33,          ,          ,  ,  ,                    ,1,1
00001231,泥付きごぼう                            ,                                        ,  1,  3, 33,          ,          ,  ,  ,                    ,1,1
00001232,洗いごぼう                              ,                                        ,  1,  3, 33,          ,          ,  ,  ,                    ,1,1
00001233,新洗いごぼう                            ,                                        ,  1,  3, 33,          ,          ,  ,  ,                    ,1,1
00001234,堀川ごぼう                              ,                                        ,  1,  3, 33,          ,          ,  ,  ,                    ,1,1
00001235,大浦ごぼう                              ,                                        ,  1,  3, 33,          ,          ,  ,  ,                    ,1,1
00001236,葉ごぼう                                ,                                        ,  1,  3, 33,          ,          ,  ,  ,                    ,1,1
00001260,特売用                                  ,                                        ,  1,  3, 34,          ,          ,  ,  ,                    ,1,1
00001261,大根                                    ,                                        ,  1,  3, 34,          ,          ,  ,  ,                    ,1,1
00001262,桜島大根                                ,                                        ,  1,  3, 34,          ,          ,  ,  ,                    ,1,1
00001263,聖護院大根                              ,                                        ,  1,  3, 34,          ,          ,  ,  ,                    ,1,1
00001264,辛味大根                                ,                                        ,  1,  3, 34,          ,          ,  ,  ,                    ,1,1
00001265,紅しぐれ大根                            ,                                        ,  1,  3, 34,          ,          ,  ,  ,                    ,1,1
00001266,赤大根                                  ,                                        ,  1,  3, 34,          ,          ,  ,  ,                    ,1,1
00001267,黒大根                                  ,                                        ,  1,  3, 34,          ,          ,  ,  ,                    ,1,1
00001268,青芯大根                                ,                                        ,  1,  3, 34,          ,          ,  ,  ,                    ,1,1
00001269,紅芯大根                                ,                                        ,  1,  3, 34,          ,          ,  ,  ,                    ,1,1
00001270,ラディッシュ                            ,                                        ,  1,  3, 34,          ,          ,  ,  ,                    ,1,1
00001271,刺身大根                                ,                                        ,  1,  3, 34,          ,          ,  ,  ,                    ,1,1
00001290,特売用                                  ,                                        ,  1,  3, 35,          ,          ,  ,  ,                    ,1,1
00001291,人参                                    ,                                        ,  1,  3, 35,          ,          ,  ,  ,                    ,1,1
00001292,新人参                                  ,                                        ,  1,  3, 35,          ,          ,  ,  ,                    ,1,1
00001293,徳用人参                                ,                                        ,  1,  3, 35,          ,          ,  ,  ,                    ,1,1
00001294,金時人参                                ,                                        ,  1,  3, 35,          ,          ,  ,  ,                    ,1,1
00001295,黒人参                                  ,                                        ,  1,  3, 35,          ,          ,  ,  ,                    ,1,1
00001296,紫人参                                  ,                                        ,  1,  3, 35,          ,          ,  ,  ,                    ,1,1
00001297,黄色人参                                ,                                        ,  1,  3, 35,          ,          ,  ,  ,                    ,1,1
00001298,姫人参                                  ,                                        ,  1,  3, 35,          ,          ,  ,  ,                    ,1,1
00001320,特売用                                  ,                                        ,  1,  3, 36,          ,          ,  ,  ,                    ,1,1
00001321,らっきょ                                ,                                        ,  1,  3, 36,          ,          ,  ,  ,                    ,1,1
00001322,洗いらっきょ                            ,                                        ,  1,  3, 36,          ,          ,  ,  ,                    ,1,1
00001323,島らっきょ                              ,                                        ,  1,  3, 36,          ,          ,  ,  ,                    ,1,1
00001324,エシャレット                            ,                                        ,  1,  3, 36,          ,          ,  ,  ,                    ,1,1
00001350,特売用                                  ,                                        ,  1,  3, 37,          ,          ,  ,  ,                    ,1,1
00001351,ビーツ                                  ,                                        ,  1,  3, 37,          ,          ,  ,  ,                    ,1,1
00001352,渦巻ビーツ                              ,                                        ,  1,  3, 37,          ,          ,  ,  ,                    ,1,1
00001353,黄金ビーツ                              ,                                        ,  1,  3, 37,          ,          ,  ,  ,                    ,1,1
00001380,特売用                                  ,                                        ,  1,  3, 38,          ,          ,  ,  ,                    ,1,1
00001381,蓮根                                    ,                                        ,  1,  3, 38,          ,          ,  ,  ,                    ,1,1
00001382,新蓮根                                  ,                                        ,  1,  3, 38,          ,          ,  ,  ,                    ,1,1
00001383,蓮根の葉                                ,                                        ,  1,  3, 38,          ,          ,  ,  ,                    ,1,1
00001410,特売用                                  ,                                        ,  1,  3, 39,          ,          ,  ,  ,                    ,1,1
00001411,青口生わさび                            ,                                        ,  1,  3, 39,          ,          ,  ,  ,                    ,1,1
00001412,葉わさび                                ,                                        ,  1,  3, 39,          ,          ,  ,  ,                    ,1,1
00001413,花わさび                                ,                                        ,  1,  3, 39,          ,          ,  ,  ,                    ,1,1
00001414,レホール(西洋わさび)                    ,                                        ,  1,  3, 39,          ,          ,  ,  ,                    ,1,1
00001440,特売用                                  ,                                        ,  1,  3, 40,          ,          ,  ,  ,                    ,1,1
00001441,紅はるか                                ,                                        ,  1,  3, 40,          ,          ,  ,  ,                    ,1,1
00001442,シルクスイート                          ,                                        ,  1,  3, 40,          ,          ,  ,  ,                    ,1,1
00001443,新唐芋(紅はるか)                        ,                                        ,  1,  3, 40,          ,          ,  ,  ,                    ,1,1
00001444,新唐芋(シルクスイート)                  ,                                        ,  1,  3, 40,          ,          ,  ,  ,                    ,1,1
00001445,鳴門金時                                ,                                        ,  1,  3, 40,          ,          ,  ,  ,                    ,1,1
00001446,細唐芋(紅はるか)                        ,                                        ,  1,  3, 40,          ,          ,  ,  ,                    ,1,1
00001447,細唐芋(シルクスイート)                  ,                                        ,  1,  3, 40,          ,          ,  ,  ,                    ,1,1
00001470,特売用                                  ,                                        ,  1,  3, 41,          ,          ,  ,  ,                    ,1,1
00001471,里芋                                    ,                                        ,  1,  3, 41,          ,          ,  ,  ,                    ,1,1
00001472,セレベス大吉                            ,                                        ,  1,  3, 41,          ,          ,  ,  ,                    ,1,1
00001473,京芋                                    ,                                        ,  1,  3, 41,          ,          ,  ,  ,                    ,1,1
00001474,落子芋                                  ,                                        ,  1,  3, 41,          ,          ,  ,  ,                    ,1,1
00001475,海老芋                                  ,                                        ,  1,  3, 41,          ,          ,  ,  ,                    ,1,1
00001476,ハス芋                                  ,                                        ,  1,  3, 41,          ,          ,  ,  ,                    ,1,1
00001477,白根芋                                  ,                                        ,  1,  3, 41,          ,          ,  ,  ,                    ,1,1
00001478,ずいき                                  ,                                        ,  1,  3, 41,          ,          ,  ,  ,                    ,1,1
00001500,特売用                                  ,                                        ,  1,  3, 42,          ,          ,  ,  ,                    ,1,1
00001501,メーク                                  ,                                        ,  1,  3, 42,          ,          ,  ,  ,                    ,1,1
00001502,新メーク                                ,                                        ,  1,  3, 42,          ,          ,  ,  ,                    ,1,1
00001503,メーク(小)                              ,                                        ,  1,  3, 42,          ,          ,  ,  ,                    ,1,1
00001504,新メーク(小)                            ,                                        ,  1,  3, 42,          ,          ,  ,  ,                    ,1,1
00001505,男爵                                    ,                                        ,  1,  3, 42,          ,          ,  ,  ,                    ,1,1
00001506,キタアカリ                              ,                                        ,  1,  3, 42,          ,          ,  ,  ,                    ,1,1
00001507,インカの目覚め                          ,                                        ,  1,  3, 42,          ,          ,  ,  ,                    ,1,1
00001508,ノーザンルビー                          ,                                        ,  1,  3, 42,          ,          ,  ,  ,                    ,1,1
00001509,デストロイヤー                          ,                                        ,  1,  3, 42,          ,          ,  ,  ,                    ,1,1
00001530,特売用                                  ,                                        ,  1,  3, 43,          ,          ,  ,  ,                    ,1,1
00001531,玉ねぎ                                  ,                                        ,  1,  3, 43,          ,          ,  ,  ,                    ,1,1
00001532,新玉ねぎ                                ,                                        ,  1,  3, 43,          ,          ,  ,  ,                    ,1,1
00001533,赤玉ねぎ                                ,                                        ,  1,  3, 43,          ,          ,  ,  ,                    ,1,1
00001534,ペコロス                                ,                                        ,  1,  3, 43,          ,          ,  ,  ,                    ,1,1
00001535,エシャロット                            ,                                        ,  1,  3, 43,          ,          ,  ,  ,                    ,1,1
00001536,葉付き玉ねぎ                            ,                                        ,  1,  3, 43,          ,          ,  ,  ,                    ,1,1
00001537,塩玉ねぎ                                ,                                        ,  1,  3, 43,          ,          ,  ,  ,                    ,1,1
00001560,特売用                                  ,                                        ,  1,  3, 44,          ,          ,  ,  ,                    ,1,1
00001561,長いも                                  ,                                        ,  1,  3, 44,          ,          ,  ,  ,                    ,1,1
00001562,大和芋                                  ,                                        ,  1,  3, 44,          ,          ,  ,  ,                    ,1,1
00001563,自然薯                                  ,                                        ,  1,  3, 44,          ,          ,  ,  ,                    ,1,1
00001564,むかご                                  ,                                        ,  1,  3, 44,          ,          ,  ,  ,                    ,1,1
00001600,その他根菜類                            ,                                        ,  1,  3, 45,          ,          ,  ,  ,                    ,1,1
00001700,特売用                                  ,                                        ,  1,  4, 46,          ,          ,  ,  ,                    ,1,1
00001701,生椎茸                                  ,                                        ,  1,  4, 46,          ,          ,  ,  ,                    ,1,1
00001702,どんこ生椎茸                            ,                                        ,  1,  4, 46,          ,          ,  ,  ,                    ,1,1
00001703,原木生椎茸                              ,                                        ,  1,  4, 46,          ,          ,  ,  ,                    ,1,1
00001730,特売用                                  ,                                        ,  1,  4, 48,          ,          ,  ,  ,                    ,1,1
00001731,ぶなしめじ                              ,                                        ,  1,  4, 47,          ,          ,  ,  ,                    ,1,1
00001732,カットしめじ                            ,                                        ,  1,  4, 47,          ,          ,  ,  ,                    ,1,1
00001733,大黒本シメジ                            ,                                        ,  1,  4, 47,          ,          ,  ,  ,                    ,1,1
00001734,ハタケシメジ                            ,                                        ,  1,  4, 47,          ,          ,  ,  ,                    ,1,1
00001735,白しめじ                                ,                                        ,  1,  4, 47,          ,          ,  ,  ,                    ,1,1
00001736,特売用                                  ,                                        ,  1,  4, 47,          ,          ,  ,  ,                    ,1,1
00001737,えのき                                  ,                                        ,  1,  4, 48,          ,          ,  ,  ,                    ,1,1
00001738,ブラウンえのき                          ,                                        ,  1,  4, 48,          ,          ,  ,  ,                    ,1,1
00001739,柿の木茸                                ,                                        ,  1,  4, 48,          ,          ,  ,  ,                    ,1,1
00001760,特売用                                  ,                                        ,  1,  4, 49,          ,          ,  ,  ,                    ,1,1
00001761,エリンギ                                ,                                        ,  1,  4, 49,          ,          ,  ,  ,                    ,1,1
00001762,霜降り平茸                              ,                                        ,  1,  4, 49,          ,          ,  ,  ,                    ,1,1
00001790,特売用                                  ,                                        ,  1,  4, 50,          ,          ,  ,  ,                    ,1,1
00001791,舞茸                                    ,                                        ,  1,  4, 50,          ,          ,  ,  ,                    ,1,1
00001792,黒舞茸                                  ,                                        ,  1,  4, 50,          ,          ,  ,  ,                    ,1,1
00001793,白舞茸                                  ,                                        ,  1,  4, 50,          ,          ,  ,  ,                    ,1,1
00001820,特売用                                  ,                                        ,  1,  4, 51,          ,          ,  ,  ,                    ,1,1
00001821,生なめこ                                ,                                        ,  1,  4, 51,          ,          ,  ,  ,                    ,1,1
00001822,株とりなめこ                            ,                                        ,  1,  4, 51,          ,          ,  ,  ,                    ,1,1
00001850,特売用                                  ,                                        ,  1,  4, 52,          ,          ,  ,  ,                    ,1,1
00001851,マッシュルーム                          ,                                        ,  1,  4, 52,          ,          ,  ,  ,                    ,1,1
00001852,洋松(マッシュルーム)                    ,                                        ,  1,  4, 52,          ,          ,  ,  ,                    ,1,1
00001853,ブラウンマッシュルーム                  ,                                        ,  1,  4, 52,          ,          ,  ,  ,                    ,1,1
00001854,ジャンボマッシュルーム                  ,                                        ,  1,  4, 52,          ,          ,  ,  ,                    ,1,1
00001880,特売用                                  ,                                        ,  1,  4, 53,          ,          ,  ,  ,                    ,1,1
00001881,松茸(国産)                              ,                                        ,  1,  4, 53,          ,          ,  ,  ,                    ,1,1
00001882,松茸(中国産)                            ,                                        ,  1,  4, 53,          ,          ,  ,  ,                    ,1,1
00001883,松茸(ブータン産)                        ,                                        ,  1,  4, 53,          ,          ,  ,  ,                    ,1,1
00001884,松茸(アメリカ産)                        ,                                        ,  1,  4, 53,          ,          ,  ,  ,                    ,1,1
00001885,松茸(カナダ産)                          ,                                        ,  1,  4, 53,          ,          ,  ,  ,                    ,1,1
00001900,その他きのこ類                          ,                                        ,  1,  4, 54,          ,          ,  ,  ,                    ,1,1
00002000,特売用                                  ,                                        ,  1,  5, 55,          ,          ,  ,  ,                    ,1,1
00002001,大葉                                    ,                                        ,  1,  5, 55,          ,          ,  ,  ,                    ,1,1
00002030,特売用                                  ,                                        ,  1,  5, 56,          ,          ,  ,  ,                    ,1,1
00002031,木の芽(山口)                            ,                                        ,  1,  5, 56,          ,          ,  ,  ,                    ,1,1
00002032,木の芽(下関)                            ,                                        ,  1,  5, 56,          ,          ,  ,  ,                    ,1,1
00002033,木の芽(埼玉)                            ,                                        ,  1,  5, 56,          ,          ,  ,  ,                    ,1,1
00002034,鬼木の芽                                ,                                        ,  1,  5, 56,          ,          ,  ,  ,                    ,1,1
00002035,実山椒                                  ,                                        ,  1,  5, 56,          ,          ,  ,  ,                    ,1,1
00002036,花山椒                                  ,                                        ,  1,  5, 56,          ,          ,  ,  ,                    ,1,1
00002060,特売用                                  ,                                        ,  1,  5, 57,          ,          ,  ,  ,                    ,1,1
00002061,紅たで                                  ,                                        ,  1,  5, 57,          ,          ,  ,  ,                    ,1,1
00002062,青たで                                  ,                                        ,  1,  5, 57,          ,          ,  ,  ,                    ,1,1
00002090,特売用                                  ,                                        ,  1,  5, 58,          ,          ,  ,  ,                    ,1,1
00002091,食用大菊                                ,                                        ,  1,  5, 58,          ,          ,  ,  ,                    ,1,1
00002092,もって菊                                ,                                        ,  1,  5, 58,          ,          ,  ,  ,                    ,1,1
00002093,小菊                                    ,                                        ,  1,  5, 58,          ,          ,  ,  ,                    ,1,1
00002094,菊葉                                    ,                                        ,  1,  5, 58,          ,          ,  ,  ,                    ,1,1
00002120,特売用                                  ,                                        ,  1,  5, 59,          ,          ,  ,  ,                    ,1,1
00002121,花穂紫蘇                                ,                                        ,  1,  5, 59,          ,          ,  ,  ,                    ,1,1
00002150,特売用                                  ,                                        ,  1,  5, 60,          ,          ,  ,  ,                    ,1,1
00002151,金魚草(黄色)                            ,                                        ,  1,  5, 60,          ,          ,  ,  ,                    ,1,1
00002152,金魚草(赤色)                            ,                                        ,  1,  5, 60,          ,          ,  ,  ,                    ,1,1
00002180,特売用                                  ,                                        ,  1,  5, 61,          ,          ,  ,  ,                    ,1,1
00002181,かいわれ                                ,                                        ,  1,  5, 61,          ,          ,  ,  ,                    ,1,1
00002182,レッドキャベツスプラウト                ,                                        ,  1,  5, 61,          ,          ,  ,  ,                    ,1,1
00002183,ブロッコリースプラウト                  ,                                        ,  1,  5, 61,          ,          ,  ,  ,                    ,1,1
00002184,マジックレッドスプラウト                ,                                        ,  1,  5, 61,          ,          ,  ,  ,                    ,1,1
00002185,豆苗                                    ,                                        ,  1,  5, 61,          ,          ,  ,  ,                    ,1,1
00002210,特売用                                  ,                                        ,  1,  5, 62,          ,          ,  ,  ,                    ,1,1
00002211,花みょうが                              ,                                        ,  1,  5, 62,          ,          ,  ,  ,                    ,1,1
00002212,花みょうが(地物)                        ,                                        ,  1,  5, 62,          ,          ,  ,  ,                    ,1,1
00002213,みょうがたけ                            ,                                        ,  1,  5, 62,          ,          ,  ,  ,                    ,1,1
00002240,特売用                                  ,                                        ,  1,  5, 63,          ,          ,  ,  ,                    ,1,1
00002241,磨き生姜                                ,                                        ,  1,  5, 63,          ,          ,  ,  ,                    ,1,1
00002242,新生姜                                  ,                                        ,  1,  5, 63,          ,          ,  ,  ,                    ,1,1
00002243,谷中生姜                                ,                                        ,  1,  5, 63,          ,          ,  ,  ,                    ,1,1
00002244,はじかみ                                ,                                        ,  1,  5, 63,          ,          ,  ,  ,                    ,1,1
00002245,芽しょうが                              ,                                        ,  1,  5, 63,          ,          ,  ,  ,                    ,1,1
00002250,その他香味つま物類                      ,                                        ,  1,  5, 64,          ,          ,  ,  ,                    ,1,1
00002300,その他                                  ,                                        ,  1,  6, 65,          ,          ,  ,  ,                    ,1,1
00002500,特売用                                  ,                                        ,  2,  7, 66,          ,          ,  , 5,                    ,1,1
00002501,ペンタス                                ,                                        ,  2,  7, 66,          ,          ,  , 5,                    ,1,1
00002502,ベビーキャロット                        ,                                        ,  2,  7, 66,          ,          ,  , 5,                    ,1,1
00002503,コーンスプラウト                        ,                                        ,  2,  7, 66,          ,          ,  , 5,                    ,1,1
00002504,レッドダンデリオン                      ,                                        ,  2,  7, 66,          ,          ,  , 5,                    ,1,1
00002505,セルバチコ                              ,                                        ,  2,  7, 66,          ,          ,  , 5,                    ,1,1
00002506,マイクロ赤紫蘇                          ,                                        ,  2,  7, 66,          ,          ,  , 5,                    ,1,1
00002507,マイクロ青紫蘇                          ,                                        ,  2,  7, 66,          ,          ,  , 5,                    ,1,1
00002508,レッドアマランサス                      ,                                        ,  2,  7, 66,          ,          ,  , 5,                    ,1,1
00002509,プチバジル                              ,                                        ,  2,  7, 66,          ,          ,  , 5,                    ,1,1
00002510,ピーテンドリル                          ,                                        ,  2,  7, 66,          ,          ,  , 5,                    ,1,1
00002511,レッドソレル                            ,                                        ,  2,  7, 66,          ,          ,  , 5,                    ,1,1
00002512,デビルソレル                            ,                                        ,  2,  7, 66,          ,          ,  , 5,                    ,1,1
00002513,グリーンツリーマスタード                ,                                        ,  2,  7, 66,          ,          ,  , 5,                    ,1,1
00002514,レッドツリーマスタード                  ,                                        ,  2,  7, 66,          ,          ,  , 5,                    ,1,1
00002515,ツリーケール赤                          ,                                        ,  2,  7, 66,          ,          ,  , 5,                    ,1,1
00002516,ツリーケール白                          ,                                        ,  2,  7, 66,          ,          ,  , 5,                    ,1,1
00002517,カプシーヌフォンセ(ナスタチウムの葉)    ,                                        ,  2,  7, 66,          ,          ,  , 5,                    ,1,1
00002518,ピノグリーン                            ,                                        ,  2,  7, 66,          ,          ,  , 5,                    ,1,1
00002519,ボリジー                                ,                                        ,  2,  7, 66,          ,          ,  , 5,                    ,1,1
00002520,ルッコラ                                ,                                        ,  2,  7, 66,          ,          ,  , 5,                    ,1,1
00002521,タラゴン                                ,                                        ,  2,  7, 66,          ,          ,  , 5,                    ,1,1
00002522,セージ                                  ,                                        ,  2,  7, 66,          ,          ,  , 5,                    ,1,1
00002523,ミント                                  ,                                        ,  2,  7, 66,          ,          ,  , 5,                    ,1,1
00002524,パスレー                                ,                                        ,  2,  7, 66,          ,          ,  , 5,                    ,1,1
00002525,チャービル                              ,                                        ,  2,  7, 66,          ,          ,  , 5,                    ,1,1
00002526,ディール                                ,                                        ,  2,  7, 66,          ,          ,  , 5,                    ,1,1
00002527,ローズマリー                            ,                                        ,  2,  7, 66,          ,          ,  , 5,                    ,1,1
00002528,タイム                                  ,                                        ,  2,  7, 66,          ,          ,  , 5,                    ,1,1
00002529,バジル                                  ,                                        ,  2,  7, 66,          ,          ,  , 5,                    ,1,1
00002530,パクチー                                ,                                        ,  2,  7, 66,          ,          ,  , 5,                    ,1,1
00002531,レモングラス                            ,                                        ,  2,  7, 66,          ,          ,  , 5,                    ,1,1
00002532,ツリーケール                            ,                                        ,  2,  7, 66,          ,          ,  , 5,                    ,1,1
00002533,姫かぶ(10本入)                          ,                                        ,  2,  7, 66,          ,          ,  , 5,                    ,1,1
00002534,豆かぶ(15本入)                          ,                                        ,  2,  7, 66,          ,          ,  , 5,                    ,1,1
00002535,マリーゴールド                          ,                                        ,  2,  7, 66,          ,          ,  , 5,                    ,1,1
00002536,マイクロセロリ                          ,                                        ,  2,  7, 66,          ,          ,  , 5,                    ,1,1
00002537,マイクロクレソン                        ,                                        ,  2,  7, 66,          ,          ,  , 5,                    ,1,1
00002538,マイクロチャービル                      ,                                        ,  2,  7, 66,          ,          ,  , 5,                    ,1,1
00002539,マイクロパスレー                        ,                                        ,  2,  7, 66,          ,          ,  , 5,                    ,1,1
00002540,マイクロフェンネル                      ,                                        ,  2,  7, 66,          ,          ,  , 5,                    ,1,1
00002541,マイクロアマランサス                    ,                                        ,  2,  7, 66,          ,          ,  , 5,                    ,1,1
00002542,マイクロプチピノミックス                ,                                        ,  2,  7, 66,          ,          ,  , 5,                    ,1,1
00002543,マイクロレモンバーム                    ,                                        ,  2,  7, 66,          ,          ,  , 5,                    ,1,1
00002544,マイクロピノグリーン                    ,                                        ,  2,  7, 66,          ,          ,  , 5,                    ,1,1
00002545,マイクロ春菊                            ,                                        ,  2,  7, 66,          ,          ,  , 5,                    ,1,1
00002546,プチミックス                            ,                                        ,  2,  7, 66,          ,          ,  , 5,                    ,1,1
00002547,プチレッドからし水菜                    ,                                        ,  2,  7, 66,          ,          ,  , 5,                    ,1,1
00002548,プチレッドソレル                        ,                                        ,  2,  7, 66,          ,          ,  , 5,                    ,1,1
00002549,ダイアンサス                            ,                                        ,  2,  7, 66,          ,          ,  , 5,                    ,1,1
00002550,ラブリビオラ                            ,                                        ,  2,  7, 66,          ,          ,  , 5,                    ,1,1
00002551,にらの花                                ,                                        ,  2,  7, 66,          ,          ,  , 5,                    ,1,1
00002552,むくろじ大根                            ,                                        ,  2,  7, 66,          ,          ,  , 5,                    ,1,1
00002553,紅くるり大根                            ,                                        ,  2,  7, 66,          ,          ,  , 5,                    ,1,1
00002554,黒大根                                  ,                                        ,  2,  7, 66,          ,          ,  , 5,                    ,1,1
00002555,紫大根                                  ,                                        ,  2,  7, 66,          ,          ,  , 5,                    ,1,1
00002556,姫ビーツ赤(5本束)                       ,                                        ,  2,  7, 66,          ,          ,  , 5,                    ,1,1
00002557,姫ビーツ赤白(5本束)                     ,                                        ,  2,  7, 66,          ,          ,  , 5,                    ,1,1
00002558,サボイキャベツ                          ,                                        ,  2,  7, 66,          ,          ,  , 5,                    ,1,1
00002600,その他久保田農園                        ,                                        ,  2,  7, 67,          ,          ,  ,  ,                    ,1,1
00002700,特売用                                  ,                                        ,  2,  7, 68,          ,          ,  ,  ,                    ,1,1
00002701,ベビーリーフ200g入                      ,                                        ,  2,  7, 68,          ,          ,  ,  ,                    ,1,1
00002702,サラダ小松菜200g入                      ,                                        ,  2,  7, 68,          ,          ,  ,  ,                    ,1,1
00002703,サラダ春菊200g入                        ,                                        ,  2,  7, 68,          ,          ,  ,  ,                    ,1,1
00002704,セルバチコ100g入                        ,                                        ,  2,  7, 68,          ,          ,  ,  ,                    ,1,1
00002705,アマランサス100g入                      ,                                        ,  2,  7, 68,          ,          ,  ,  ,                    ,1,1
00002706,オゼイユ40g入                           ,                                        ,  2,  7, 68,          ,          ,  ,  ,                    ,1,1
00002707,その他稲葉農園                          ,                                        ,  2,  7, 69,          ,          ,  ,  ,                    ,1,1
00002800,特売用                                  ,                                        ,  2,  7, 70,          ,          ,  ,  ,                    ,1,1
00002801,プレミアムリーフ15g入                   ,                                        ,  2,  7, 70,          ,          ,  ,  ,                    ,1,1
00002802,プレミアムリーフ100g入                  ,                                        ,  2,  7, 70,          ,          ,  ,  ,                    ,1,1
00002803,エディフルフラワー                      ,                                        ,  2,  7, 70,          ,          ,  ,  ,                    ,1,1
00002850,その他佐賀グッドリーフ                  ,                                        ,  2,  7, 71,          ,          ,  ,  ,                    ,1,1
00002900,特売用                                  ,                                        ,  2,  7, 72,          ,          ,  ,  ,                    ,1,1
00002901,レッドソレル                            ,                                        ,  2,  7, 72,          ,          ,  ,  ,                    ,1,1
00002902,ミント                                  ,                                        ,  2,  7, 72,          ,          ,  ,  ,                    ,1,1
00002903,コモンタイム                            ,                                        ,  2,  7, 72,          ,          ,  ,  ,                    ,1,1
00002904,レモンタイム                            ,                                        ,  2,  7, 72,          ,          ,  ,  ,                    ,1,1
00002905,ローズゼラニウム                        ,                                        ,  2,  7, 72,          ,          ,  ,  ,                    ,1,1
00002906,ローズマリー                            ,                                        ,  2,  7, 72,          ,          ,  ,  ,                    ,1,1
00002907,レモングラス                            ,                                        ,  2,  7, 72,          ,          ,  ,  ,                    ,1,1
00002908,エディフルローズ                        ,                                        ,  2,  7, 72,          ,          ,  ,  ,                    ,1,1
00002909,プルピエ                                ,                                        ,  2,  7, 72,          ,          ,  ,  ,                    ,1,1
00002910,ローリエ                                ,                                        ,  2,  7, 72,          ,          ,  ,  ,                    ,1,1
00002911,シブレット                              ,                                        ,  2,  7, 72,          ,          ,  ,  ,                    ,1,1
00002912,のびる100g入                            ,                                        ,  2,  7, 72,          ,          ,  ,  ,                    ,1,1
00002950,その他ハーブ＆ローズ                    ,                                        ,  2,  7, 73,          ,          ,  ,  ,                    ,1,1
00003000,特売用                                  ,                                        ,  2,  7, 74,          ,          ,  ,  ,                    ,1,1
00003001,チャービル                              ,                                        ,  2,  7, 74,          ,          ,  ,  ,                    ,1,1
00003002,パスレー                                ,                                        ,  2,  7, 74,          ,          ,  ,  ,                    ,1,1
00003003,タイム                                  ,                                        ,  2,  7, 74,          ,          ,  ,  ,                    ,1,1
00003004,ミント                                  ,                                        ,  2,  7, 74,          ,          ,  ,  ,                    ,1,1
00003005,ローズマリー                            ,                                        ,  2,  7, 74,          ,          ,  ,  ,                    ,1,1
00003100,その他S＆B                              ,                                        ,  2,  7, 75,          ,          ,  ,  ,                    ,1,1
00003500,特売用                                  ,                                        ,  3,  8, 76,          ,          ,  ,  ,                    ,1,1
00003501,レモン                                  ,                                        ,  3,  8, 76,          ,          ,  ,  ,                    ,1,1
00003502,青レモン                                ,                                        ,  3,  8, 76,          ,          ,  ,  ,                    ,1,1
00003503,オレンジ                                ,                                        ,  3,  8, 76,          ,          ,  ,  ,                    ,1,1
00003504,ネーブル                                ,                                        ,  3,  8, 76,          ,          ,  ,  ,                    ,1,1
00003505,グレープフルーツルビー                  ,                                        ,  3,  8, 76,          ,          ,  ,  ,                    ,1,1
00003506,グレープフルーツホワイト                ,                                        ,  3,  8, 76,          ,          ,  ,  ,                    ,1,1
00003507,ライム                                  ,                                        ,  3,  8, 76,          ,          ,  ,  ,                    ,1,1
00003508,黄柚子                                  ,                                        ,  3,  8, 76,          ,          ,  ,  ,                    ,1,1
00003509,青柚子                                  ,                                        ,  3,  8, 76,          ,          ,  ,  ,                    ,1,1
00003510,青すだち                                ,                                        ,  3,  8, 76,          ,          ,  ,  ,                    ,1,1
00003511,かぼす                                  ,                                        ,  3,  8, 76,          ,          ,  ,  ,                    ,1,1
00003512,シークワーサー                          ,                                        ,  3,  8, 76,          ,          ,  ,  ,                    ,1,1
00003513,へべす                                  ,                                        ,  3,  8, 76,          ,          ,  ,  ,                    ,1,1
00003514,金柑                                    ,                                        ,  3,  8, 76,          ,          ,  ,  ,                    ,1,1
00003515,たまたま金柑                            ,                                        ,  3,  8, 76,          ,          ,  ,  ,                    ,1,1
00003516,葉付き金柑                              ,                                        ,  3,  8, 76,          ,          ,  ,  ,                    ,1,1
00003517,橙                                      ,                                        ,  3,  8, 76,          ,          ,  ,  ,                    ,1,1
00003518,みかん                                  ,                                        ,  3,  8, 76,          ,          ,  ,  ,                    ,1,1
00003519,早生みかん                              ,                                        ,  3,  8, 76,          ,          ,  ,  ,                    ,1,1
00003520,極早生みかん                            ,                                        ,  3,  8, 76,          ,          ,  ,  ,                    ,1,1
00003521,ハウスみかん                            ,                                        ,  3,  8, 76,          ,          ,  ,  ,                    ,1,1
00003522,夏みかん                                ,                                        ,  3,  8, 76,          ,          ,  ,  ,                    ,1,1
00003523,甘夏みかん                              ,                                        ,  3,  8, 76,          ,          ,  ,  ,                    ,1,1
00003524,デコポン                                ,                                        ,  3,  8, 76,          ,          ,  ,  ,                    ,1,1
00003525,不知火柑                                ,                                        ,  3,  8, 76,          ,          ,  ,  ,                    ,1,1
00003526,ポンカン                                ,                                        ,  3,  8, 76,          ,          ,  ,  ,                    ,1,1
00003527,伊予柑                                  ,                                        ,  3,  8, 76,          ,          ,  ,  ,                    ,1,1
00003528,きよみ                                  ,                                        ,  3,  8, 76,          ,          ,  ,  ,                    ,1,1
00003529,せとか                                  ,                                        ,  3,  8, 76,          ,          ,  ,  ,                    ,1,1
00003530,はるみ                                  ,                                        ,  3,  8, 76,          ,          ,  ,  ,                    ,1,1
00003531,八朔                                    ,                                        ,  3,  8, 76,          ,          ,  ,  ,                    ,1,1
00003532,晩白柚                                  ,                                        ,  3,  8, 76,          ,          ,  ,  ,                    ,1,1
00003533,河内晩柑                                ,                                        ,  3,  8, 76,          ,          ,  ,  ,                    ,1,1
00003534,文担                                    ,                                        ,  3,  8, 76,          ,          ,  ,  ,                    ,1,1
00003535,日向夏                                  ,                                        ,  3,  8, 76,          ,          ,  ,  ,                    ,1,1
00003536,スイートスプリング                      ,                                        ,  3,  8, 76,          ,          ,  ,  ,                    ,1,1
00003537,甘平                                    ,                                        ,  3,  8, 76,          ,          ,  ,  ,                    ,1,1
00003600,その他柑橘類                            ,                                        ,  3,  8, 77,          ,          ,  ,  ,                    ,1,1
00003700,特売用                                  ,                                        ,  3,  8, 78,          ,          ,  ,  ,                    ,1,1
00003701,りんご(ジョナゴールド)                  ,                                        ,  3,  8, 78,          ,          ,  ,  ,                    ,1,1
00003702,りんご(シナノスイート)                  ,                                        ,  3,  8, 78,          ,          ,  ,  ,                    ,1,1
00003703,りんご(ふじ)                            ,                                        ,  3,  8, 78,          ,          ,  ,  ,                    ,1,1
00003704,りんご(つがる)                          ,                                        ,  3,  8, 78,          ,          ,  ,  ,                    ,1,1
00003705,りんご(紅玉)                            ,                                        ,  3,  8, 78,          ,          ,  ,  ,                    ,1,1
00003706,りんご(昴林)                            ,                                        ,  3,  8, 78,          ,          ,  ,  ,                    ,1,1
00003707,りんご(トキ)                            ,                                        ,  3,  8, 78,          ,          ,  ,  ,                    ,1,1
00003708,りんご(王林)                            ,                                        ,  3,  8, 78,          ,          ,  ,  ,                    ,1,1
00003709,梨(幸水)                                ,                                        ,  3,  8, 78,          ,          ,  ,  ,                    ,1,1
00003710,梨(豊水)                                ,                                        ,  3,  8, 78,          ,          ,  ,  ,                    ,1,1
00003711,梨(南水)                                ,                                        ,  3,  8, 78,          ,          ,  ,  ,                    ,1,1
00003712,梨(新高)                                ,                                        ,  3,  8, 78,          ,          ,  ,  ,                    ,1,1
00003713,梨(新興)                                ,                                        ,  3,  8, 78,          ,          ,  ,  ,                    ,1,1
00003714,梨(あきづき)                            ,                                        ,  3,  8, 78,          ,          ,  ,  ,                    ,1,1
00003715,洋梨(ラフランス)                        ,                                        ,  3,  8, 78,          ,          ,  ,  ,                    ,1,1
00003716,洋梨(ル・レクチェ)                      ,                                        ,  3,  8, 78,          ,          ,  ,  ,                    ,1,1
00003717,洋梨(オーロラ)                          ,                                        ,  3,  8, 78,          ,          ,  ,  ,                    ,1,1
00003718,洋梨(シルバーベル)                      ,                                        ,  3,  8, 78,          ,          ,  ,  ,                    ,1,1
00003719,白鳳桃                                  ,                                        ,  3,  8, 78,          ,          ,  ,  ,                    ,1,1
00003720,日川白鳳桃                              ,                                        ,  3,  8, 78,          ,          ,  ,  ,                    ,1,1
00003721,川中島白桃                              ,                                        ,  3,  8, 78,          ,          ,  ,  ,                    ,1,1
00003722,加納岩白桃                              ,                                        ,  3,  8, 78,          ,          ,  ,  ,                    ,1,1
00003723,なつっこ桃                              ,                                        ,  3,  8, 78,          ,          ,  ,  ,                    ,1,1
00003724,あかつき桃                              ,                                        ,  3,  8, 78,          ,          ,  ,  ,                    ,1,1
00003725,ネクタリン(秀峰)                        ,                                        ,  3,  8, 78,          ,          ,  ,  ,                    ,1,1
00003726,ネクタリン(ファンタジア)                ,                                        ,  3,  8, 78,          ,          ,  ,  ,                    ,1,1
00003727,すもも(ハニーローザ)                    ,                                        ,  3,  8, 78,          ,          ,  ,  ,                    ,1,1
00003728,すもも(ソルダム)                        ,                                        ,  3,  8, 78,          ,          ,  ,  ,                    ,1,1
00003729,すもも(サンタローザ)                    ,                                        ,  3,  8, 78,          ,          ,  ,  ,                    ,1,1
00003730,すもも(大石早生)                        ,                                        ,  3,  8, 78,          ,          ,  ,  ,                    ,1,1
00003731,すもも(プラム)                          ,                                        ,  3,  8, 78,          ,          ,  ,  ,                    ,1,1
00003732,苺(あまおう)                            ,                                        ,  3,  8, 78,          ,          ,  ,  ,                    ,1,1
00003733,苺(あまおとめ)                          ,                                        ,  3,  8, 78,          ,          ,  ,  ,                    ,1,1
00003734,苺(ひのしずく)                          ,                                        ,  3,  8, 78,          ,          ,  ,  ,                    ,1,1
00003735,苺(さがほのか)                          ,                                        ,  3,  8, 78,          ,          ,  ,  ,                    ,1,1
00003736,苺(幸運の苺)                            ,                                        ,  3,  8, 78,          ,          ,  ,  ,                    ,1,1
00003737,苺(ゆうべに)                            ,                                        ,  3,  8, 78,          ,          ,  ,  ,                    ,1,1
00003738,苺(紅ほっぺ)                            ,                                        ,  3,  8, 78,          ,          ,  ,  ,                    ,1,1
00003739,苺(恋みのり)                            ,                                        ,  3,  8, 78,          ,          ,  ,  ,                    ,1,1
00003740,苺(とよのか)                            ,                                        ,  3,  8, 78,          ,          ,  ,  ,                    ,1,1
00003741,苺(かおりの)                            ,                                        ,  3,  8, 78,          ,          ,  ,  ,                    ,1,1
00003742,苺(淡雪苺)                              ,                                        ,  3,  8, 78,          ,          ,  ,  ,                    ,1,1
00003743,苺(パールホワイト)                      ,                                        ,  3,  8, 78,          ,          ,  ,  ,                    ,1,1
00003744,琵琶                                    ,                                        ,  3,  8, 78,          ,          ,  ,  ,                    ,1,1
00003745,杏                                      ,                                        ,  3,  8, 78,          ,          ,  ,  ,                    ,1,1
00003746,南高梅                                  ,                                        ,  3,  8, 78,          ,          ,  ,  ,                    ,1,1
00003747,青軸梅                                  ,                                        ,  3,  8, 78,          ,          ,  ,  ,                    ,1,1
00003748,小梅                                    ,                                        ,  3,  8, 78,          ,          ,  ,  ,                    ,1,1
00003749,さくらんぼ(佐藤錦)                      ,                                        ,  3,  8, 78,          ,          ,  ,  ,                    ,1,1
00003750,さくらんぼ(紅秀峰)                      ,                                        ,  3,  8, 78,          ,          ,  ,  ,                    ,1,1
00003751,さくらんぼ(高砂)                        ,                                        ,  3,  8, 78,          ,          ,  ,  ,                    ,1,1
00003752,さくらんぼ(紅さやか)                    ,                                        ,  3,  8, 78,          ,          ,  ,  ,                    ,1,1
00003753,アメリカンチェリー                      ,                                        ,  3,  8, 78,          ,          ,  ,  ,                    ,1,1
00003800,その他バラ類                            ,                                        ,  3,  8, 79,          ,          ,  ,  ,                    ,1,1
00003900,特売用                                  ,                                        ,  3,  8, 80,          ,          ,  ,  ,                    ,1,1
00003901,羅王西瓜                                ,                                        ,  3,  8, 80,          ,          ,  ,  ,                    ,1,1
00003902,金色羅王西瓜                            ,                                        ,  3,  8, 80,          ,          ,  ,  ,                    ,1,1
00003903,黒小玉西瓜                              ,                                        ,  3,  8, 80,          ,          ,  ,  ,                    ,1,1
00003904,ピノガール西瓜                          ,                                        ,  3,  8, 80,          ,          ,  ,  ,                    ,1,1
00003905,紅まくら西瓜                            ,                                        ,  3,  8, 80,          ,          ,  ,  ,                    ,1,1
00003906,団欒西瓜                                ,                                        ,  3,  8, 80,          ,          ,  ,  ,                    ,1,1
00003907,肥後グリーン                            ,                                        ,  3,  8, 80,          ,          ,  ,  ,                    ,1,1
00003908,アールスメロン                          ,                                        ,  3,  8, 80,          ,          ,  ,  ,                    ,1,1
00003909,ホームランメロン                        ,                                        ,  3,  8, 80,          ,          ,  ,  ,                    ,1,1
00003910,デリシーメロン                          ,                                        ,  3,  8, 80,          ,          ,  ,  ,                    ,1,1
00003911,ビレンスメロン                          ,                                        ,  3,  8, 80,          ,          ,  ,  ,                    ,1,1
00003912,赤肉メロン                              ,                                        ,  3,  8, 80,          ,          ,  ,  ,                    ,1,1
00003913,アンデスメロン                          ,                                        ,  3,  8, 80,          ,          ,  ,  ,                    ,1,1
00003950,その他瓜類                              ,                                        ,  3,  8, 81,          ,          ,  ,  ,                    ,1,1
00004100,特売用                                  ,                                        ,  3,  8, 82,          ,          ,  ,  ,                    ,1,1
00004101,アセロラ                                ,                                        ,  3,  8, 82,          ,          ,  ,  ,                    ,1,1
00004102,アボカド                                ,                                        ,  3,  8, 82,          ,          ,  ,  ,                    ,1,1
00004103,グアバ                                  ,                                        ,  3,  8, 82,          ,          ,  ,  ,                    ,1,1
00004104,スターフルーツ                          ,                                        ,  3,  8, 82,          ,          ,  ,  ,                    ,1,1
00004105,チェリモア                              ,                                        ,  3,  8, 82,          ,          ,  ,  ,                    ,1,1
00004106,パイナップル                            ,                                        ,  3,  8, 82,          ,          ,  ,  ,                    ,1,1
00004107,パッションフルーツ                      ,                                        ,  3,  8, 82,          ,          ,  ,  ,                    ,1,1
00004108,バナナ                                  ,                                        ,  3,  8, 82,          ,          ,  ,  ,                    ,1,1
00004109,パパイヤ                                ,                                        ,  3,  8, 82,          ,          ,  ,  ,                    ,1,1
00004110,ドラゴンフルーツ                        ,                                        ,  3,  8, 82,          ,          ,  ,  ,                    ,1,1
00004111,マンゴー                                ,                                        ,  3,  8, 82,          ,          ,  ,  ,                    ,1,1
00004112,マンゴスチン                            ,                                        ,  3,  8, 82,          ,          ,  ,  ,                    ,1,1
00004113,ライチ                                  ,                                        ,  3,  8, 82,          ,          ,  ,  ,                    ,1,1
00004150,その他熱帯フルーツ類                    ,                                        ,  3,  8, 83,          ,          ,  ,  ,                    ,1,1
00004200,特売用                                  ,                                        ,  3,  8, 84,          ,          ,  ,  ,                    ,1,1
00004201,巨峰                                    ,                                        ,  3,  8, 84,          ,          ,  ,  ,                    ,1,1
00004202,種なし巨峰                              ,                                        ,  3,  8, 84,          ,          ,  ,  ,                    ,1,1
00004203,ピオーネ                                ,                                        ,  3,  8, 84,          ,          ,  ,  ,                    ,1,1
00004204,種なしピオーネ                          ,                                        ,  3,  8, 84,          ,          ,  ,  ,                    ,1,1
00004205,デラウェア                              ,                                        ,  3,  8, 84,          ,          ,  ,  ,                    ,1,1
00004206,マスカットベリーA                       ,                                        ,  3,  8, 84,          ,          ,  ,  ,                    ,1,1
00004207,紫苑ブドウ                              ,                                        ,  3,  8, 84,          ,          ,  ,  ,                    ,1,1
00004208,藤稔ブドウ                              ,                                        ,  3,  8, 84,          ,          ,  ,  ,                    ,1,1
00004209,ナガノパープル                          ,                                        ,  3,  8, 84,          ,          ,  ,  ,                    ,1,1
00004210,レッドグローブ                          ,                                        ,  3,  8, 84,          ,          ,  ,  ,                    ,1,1
00004211,シャインマスカット                      ,                                        ,  3,  8, 84,          ,          ,  ,  ,                    ,1,1
00004212,グリーンシードレス                      ,                                        ,  3,  8, 84,          ,          ,  ,  ,                    ,1,1
00004250,その他ブドウ類                          ,                                        ,  3,  8, 85,          ,          ,  ,  ,                    ,1,1
00004300,特売用                                  ,                                        ,  3,  8, 86,          ,          ,  ,  ,                    ,1,1
00004301,ラズベリー                              ,                                        ,  3,  8, 86,          ,          ,  ,  ,                    ,1,1
00004302,ブルーベリー                            ,                                        ,  3,  8, 86,          ,          ,  ,  ,                    ,1,1
00004303,ブラックベリー                          ,                                        ,  3,  8, 86,          ,          ,  ,  ,                    ,1,1
00004304,クランベリー                            ,                                        ,  3,  8, 86,          ,          ,  ,  ,                    ,1,1
00004305,カシス                                  ,                                        ,  3,  8, 86,          ,          ,  ,  ,                    ,1,1
00004350,その他ベリー類                          ,                                        ,  3,  8, 87,          ,          ,  ,  ,                    ,1,1
00004400,特売用                                  ,                                        ,  3,  8, 89,          ,          ,  ,  ,                    ,1,1
00004401,キウイフルーツ                          ,                                        ,  3,  8, 88,          ,          ,  ,  ,                    ,1,1
00004402,ゴールデンキウイ                        ,                                        ,  3,  8, 88,          ,          ,  ,  ,                    ,1,1
00004403,ベビーキウイ                            ,                                        ,  3,  8, 88,          ,          ,  ,  ,                    ,1,1
00005000,合鴨ﾊﾟｽﾄﾗﾐ                              ,ｱｲｶﾞﾓﾊﾟｽﾄﾗﾐ                             ,  6,  9,   ,    230.00,    350.00, 4, 1,1㎏(5本入)          ,1,2
00005001,合鴨スモーク                            ,ｱｲｶﾞﾓｽﾓｰｸ                               ,  6,  9,   ,    224.00,    350.00, 1, 1,1㎏(5本入)          ,1,2
00005002,合鴨ﾊﾟﾌﾟﾘｶのﾃﾘｰﾇ                        ,ｱｲｶﾞﾓﾊﾟﾌﾟﾘｶﾉﾃﾘｰﾇ                        ,  6,  9,   ,   1330.00,   1950.00, 4, 2,                    ,1,2
